1 2.1901202161450635 0.0 38.284995317459106
2 4.379511487983017 0.00016641650575542293 77.40033912658691
3 6.567872267529344 0.0003787282067143944 277.8553011417389
4 8.752363079583716 0.0009266369189114633 293.4732310771942
5 10.937041197766074 0.001238277502694664 318.4946835041046
6 13.116383563940431 0.0018520850096524326 334.9792182445526
7 15.286133341025867 0.002916224262812153 377.052045583725
8 17.460456203558632 0.0034533221713040295 1900.484740972519
9 19.619338021511073 0.00465443368603889 339.02799940109253
10 21.782120206179705 0.005437233736901327 301.26574969291687
11 23.934615442443913 0.0065047045859767975 303.3857991695404
12 26.070532251040838 0.008025067191333071 313.6007580757141
13 28.206653084631004 0.00930436193558192 310.71115016937256
14 30.34730228009293 0.010253212312940126 312.95879340171814
15 32.481779632101606 0.011263418551080014 263.61277437210083
16 34.59294129277117 0.012812714635481443 305.5107514858246
17 36.73842726412646 0.013257838185180205 255.4565086364746
18 38.77250302481512 0.016479584114121818 247.73342657089233
19 40.8357049452768 0.018662257507593337 209.6255006790161
20 42.90806538055784 0.02041757652731991 275.1536705493927
21 45.036843788181955 0.020779045300134434 263.84561371803284
22 47.036066546833666 0.02379649797522168 292.2897608280182
23 49.1312772384198 0.02464601126468074 252.75366759300232
24 51.08461510947655 0.028123838193666286 242.48839855194092
25 53.025347800356066 0.031553657932284096 171.93339085578918
26 55.20911490623168 0.030451625102537294 206.79231023788452
27 56.947995343990854 0.03695468532184963 229.62030959129333
28 59.26063902318079 0.033636885280071055 316.9077546596527
29 61.08561200502264 0.038226121818155386 265.44199562072754
30 63.133251385252485 0.03912045680036742 315.29752469062805
31 64.96836413108112 0.043087376574873645 239.11040019989014
32 67.02157098223343 0.0436944612651031 255.09792685508728
33 68.76781743921472 0.048511930819165314 211.4954013824463
34 70.5744141965723 0.05223555798291341 273.12184500694275
35 72.65368372795757 0.052189226973918444 302.80967259407043
36 74.55833606033023 0.05436017836038695 208.52069807052612
37 76.62616261146586 0.05440014086410185 246.90326118469238
38 78.31859843672575 0.0589485759085038 273.35825872421265
39 80.12177720877598 0.06196722505451098 225.45156025886536
40 81.88446985015892 0.06529708681599532 319.1264998912811
41 83.84960286243955 0.06621004186827215 224.00496459007263
42 85.7615419021887 0.06765781220185492 271.1164300441742
43 87.57537265478442 0.0700800082326706 260.97394251823425
44 89.0827068943201 0.07557267407242177 248.27620100975037
45 91.36593134073937 0.07294859212434837 314.0602331161499
46 92.74701064081586 0.07939329225235557 256.45897483825684
47 94.88206176888892 0.07823905884407703 309.2175598144531
48 96.48913062342581 0.08215530521899678 292.02543473243713
49 98.0550885232857 0.08629478837488919 331.23166942596436
50 99.53012449981026 0.09109898382657708 293.77805256843567
51 101.0538689140645 0.09527869955589074 343.8761513233185
52 102.97041030012333 0.09584862808821491 323.82526445388794
53 104.37274772579637 0.10082692612733694 327.8346462249756
54 106.13075642270736 0.10261347130174799 335.14117527008057
60 76.8598796408915 0.41510151608499163 733.2435202598572
65 78.78324688472968 0.4465829121443608 870.5156400203705
